
	Distribution Summary

Distribution:	Uniform      
Expression:	UNIF(101, 151)
Square Error:	0.000000

Chi Square Test
  Number of intervals	= 50
  Degrees of freedom 	= 49
  Test Statistic     	= 64.2
  Corresponding p-value	= 0.0748

	Data Summary

Number of Data Points	= 5000960
Min Data Value       	= 101
Max Data Value       	= 150
Sample Mean          	= 126
Sample Std Dev       	= 14.4

	Histogram Summary

Histogram Range    	= 101 to 151
Number of Intervals	= 50


==================================================================
Int.   No. of               Probability           Cumulative      
No.    Data Pts.   x        Density               Distribution    
------------------------------------------------------------------
                            Data   Function       Data   Function   
   0  100034       101.     0.0200     0.0200     0.0200     0.0200
   1  99956       102.     0.0200     0.0200     0.0400     0.0400
   2  99790       103.     0.0200     0.0200     0.0599     0.0600
   3  99577       104.     0.0199     0.0200     0.0799     0.0800
   4  100088       105.     0.0200     0.0200     0.0999      0.100
   5  99268       106.     0.0198     0.0200      0.120      0.120
   6  99875       107.     0.0200     0.0200      0.140      0.140
   7  100029       108.     0.0200     0.0200      0.160      0.160
   8  100314       109.     0.0201     0.0200      0.180      0.180
   9  99884       110.     0.0200     0.0200      0.200      0.200
  10  99884       111.     0.0200     0.0200      0.220      0.220
  11  100300       112.     0.0201     0.0200      0.240      0.240
  12  99873       113.     0.0200     0.0200      0.260      0.260
  13  99982       114.     0.0200     0.0200      0.280      0.280
  14  100522       115.     0.0201     0.0200      0.300      0.300
  15  99762       116.     0.0199     0.0200      0.320      0.320
  16  100255       117.     0.0200     0.0200      0.340      0.340
  17  99565       118.     0.0199     0.0200      0.360      0.360
  18  100063       119.     0.0200     0.0200      0.380      0.380
  19  99584       120.     0.0199     0.0200      0.400      0.400
  20  100038       121.     0.0200     0.0200      0.420      0.420
  21  100511       122.     0.0201     0.0200      0.440      0.440
  22  99961       123.     0.0200     0.0200      0.460      0.460
  23  100270       124.     0.0201     0.0200      0.480      0.480
  24  100456       125.     0.0201     0.0200      0.500      0.500
  25  100916       126.     0.0202     0.0200      0.520      0.520
  26  100064       127.     0.0200     0.0200      0.540      0.540
  27  99615       128.     0.0199     0.0200      0.560      0.560
  28  100154       129.     0.0200     0.0200      0.580      0.580
  29  100502       130.     0.0201     0.0200      0.600      0.600
  30  99415       131.     0.0199     0.0200      0.620      0.620
  31  99675       132.     0.0199     0.0200      0.640      0.640
  32  100395       133.     0.0201     0.0200      0.660      0.660
  33  99657       134.     0.0199     0.0200      0.680      0.680
  34  99661       135.     0.0199     0.0200      0.700      0.700
  35  100025       136.     0.0200     0.0200      0.720      0.720
  36  99588       137.     0.0199     0.0200      0.740      0.740
  37  99544       138.     0.0199     0.0200      0.760      0.760
  38  100328       139.     0.0201     0.0200      0.780      0.780
  39  100606       140.     0.0201     0.0200      0.800      0.800
  40  100059       141.     0.0200     0.0200      0.820      0.820
  41  100530       142.     0.0201     0.0200      0.840      0.840
  42  99941       143.     0.0200     0.0200      0.860      0.860
  43  99553       144.     0.0199     0.0200      0.880      0.880
  44  99750       145.     0.0199     0.0200      0.900      0.900
  45  100296       146.     0.0201     0.0200      0.920      0.920
  46  99827       147.     0.0200     0.0200      0.940      0.940
  47  100284       148.     0.0201     0.0200      0.960      0.960
  48  100101       149.     0.0200     0.0200      0.980      0.980
  49  100633       150.     0.0201     0.0200       1.00       1.00


=================================================================


Data File: D:\Martin\ING\LetnySemester\DISS\sem\S2\S2\emp3.txt


Function       Sq Error
-----------------------
Uniform        2.57e-007
Beta           0.000267
Normal         0.00259
Weibull        0.00282
Gamma          0.00326
Erlang         0.00338
Exponential    0.00505
Lognormal      0.00565
Poisson        0.00592
Triangular     0.00665
